# Series
Dominion: 36218 40834 51811 66690 66098 90850 41105 39707 104557 125403 66682 101665 110831 137166 142131 142132
Mensa Select: 14 69 74 258 339 350 386 432 437 463 526 528 559 624 681 770 929 948 1099 1111 1190 1198 1200 1353 1419 1422 1464 1484 1804 1962 1985 1986 2346 2381 2453 2655 2730 2750 2823 2842 2872 2952 3062 3190 3313 3404 3837 3924 4434 4643 4980 5120 5281 5298 5477 5709 6345 6411 6491 6678 6822 6830 7834 7854 7865 7866 8190 9092 9674 11557 13308 13621 14679 16944 16991 17079 17136 19565 19575 19841 20100 20829 23730 24151 24518 25669 27608 27830 28050 28742 29223 31887 34373 35548 35665 36218 38429 40478 40990 41123 42336 47218 65244 66643 66888 67877 69776 84783 88140 91620 93185 108831 112840 113289 119632 123260 131933 132251 136063
Spiel des Jahre: 361 811 789 938 438 539 2511 382 110 550 214 120 19 442 45 199 13 93 256 10 54 88 822 2596 6249 9209 13308 21790 27588 34585 36218 39856 25669 107529 98778 153938
Kennerspiel des Jahre: 68448 104006 127398 148949
Alea Big Box: 12 47 475 555 120 1345 3076 5767 9342 19948 25554 31594 55670 84876   127060
Alea Medium Box: 13642 15318 21892 34084 40760 66362 92643   117959 117960
# Beowulf suggested these
Deutscher Spiele Preis: 120 437 305 118 432 13 93 66 42 54 475 822 3076 5404 9217 13642 18602 24480 31260 36218 66188 68448 104006 120677
Deutscher Spiele Preis Kinderspiel: 10511 7973 5136 485 10509 327 5953 9597 10508 3570 4493 499 1702 4522 8195 12346 16369 23890 27948 33643 41916 59223
Kosmos 2 Player: 50 12002 9446 4396 5716 394 986 638 132 201 1545 4529 7804 3318 3321 376 908 403 22245 2338 278 3201 509 1426 4610 7972 22268 6187  66056 118048 30367 66171 22484 40831 34969 27802 136056 22268 28102 25470 22305 35568
Alea Small Box: 878 1382 3231 5781 8217
Pin International Games Collection: 9131 6781 6780 2271 10572 10573 10577 10571 183 14189 4643 22698 4980
Tilsit Collection: 8147 4330 13513 3800 18289 22085
Goldsieber Large Box: 1504 428 1597 668 356 200 1232 66 256 417 296 70 142 854 566 1315 1350 3139 5406
GIPF Project: 7854 2346 528 527 19764 108 31999
Gigamic Strategy Series: 1419 681 2266 3190 624 3706 4331 23329 30179
Mystery Rummy: 106 371 1265 5942 16320 66126
Ravensburger Fun For 2: 9473 5757 6137 9735 5795
3M Gamette Series: 1735 794 218 1520 3951 594 3962 3963 1206
3M Bookshelf Series: 5 2397 287 335 4664 8570 7344 171 2545 9554 1233 847 794 218 188 1428 2006 336 10500 476 1970 2430 1591 1969 2366 1590 949
Runebound 2e: 21523 13081 19892 22822 18626 18627 23655 23513 18624 18625 23512 23665 18623 18622 23510 23511 21402 21406 21401 21405 21422 21421 28870 28871 28872 28873 28874 28875
Great Battles of History: 11057 8485 5233 7504 7505 1444 7496 7497 7498 7494 3581 5833 7495 7499 7500 3061 7843 11678 1894 1895 1883 9198 5060 11274 18749 14007 21947 1347 26458
Bohnanza: 11 467 453 913 12677 2571 1494 18793 4377 6264 8174 8175 13474 14118 222 980 18793 4395 16178 20136 21631 25973 26946 31419  128412 103186 35428 59416 148000 
Carcassonne: 822 4390 12902 7717 16216 6779 2993 5405 2591 15158 7707 18836 21385 21165 12903 13300 26615 24506 30662 31784 33458 34615 35666 38431 38855 41010 45748 58798 59065 66646 67055 85003 89952 89953 92332  131014 118615 147303 118617 118614 118618 118619 118616 104634 120686 130998 153773 131676 123905 132021 149901 158041 163370
Dungeon Twister: 12995 13809 14533 17565 20435 23300 21795 25724
Gamemaster: 98 97 96 99 221
Zombies: 2471 3651 6113 7810 10167 20494 23972 15738 22016
# CyberKev suggested this one
The 100: 3076 42 93 13 555 2651 4098 9209 12 215 5 823 11 15 9217 94 1353 521 46 152 10630 1 475 554 50 71 45 73/2570 760/372 118 822 18 88 223/156 491 1017 875 503 54 115 172 2181 904 66 421 8051 103 120 1115 9216 188 51 631 41 3307 483 338 1465 234 2453 204 7062 1041 3201 224 10 478 494 619 320 2981 14 686 1111 398 361 9609 155 106 432 592 2397 26 442 551 277 60 527 443 121 47 1382 5737 150 1155 49 147 1315 2346 3
Munchkin: 1927 3943 6606 18225 20660 28327 33493 29288 4095 10686 12194 18898 6607 14087 16933 22894 22948 25071 29568 31847 30166 31920 29678 11058 14580 22263 24733 24734 103847
#18xx including expansions - by Jeroen Doumen
18xx: 421 422 423 424 816 937 1208 1313 1447 1493 1823 2396 2583 2612 3097 3129 3130 4613 5684 6937 7218 7823 7935 9132 11283 11284 12123 12126 12750 13924 15999 16000 16467 17014 17132 17248 17398 17399 17400 17405 17466 17467 17468 17469 17470 17471 17654 17857 17939 18485 20646 20915 21182 21436 22145 22166 22600 23407 23408 23421 23540 23817 23818 24862 25344 26806 27027 27046 28944 29278 30771 30809 30810 31013 31619 31722 32424 33716 34360 37081 38220 38221 38222 38259 38260 38297 38298 38304 38311 38312 38313 38335 38336 38966 38986 39382 42040 42660 42664 42665 42748 42757 43845 51629 56839 56840 56841 59644 59645 63018 63170 64570 66837 69601 72063 72213 75587 76417 82272 83368 87184 87907 91870 94856 96026 96065 97473 98736 108585 109151 109152 111775 112814 114139 114386 116046 123137 131658 132456 

# Series suggested by Steven Sheasby
# International Gamers Award - All Three
International Gamers Award Multi-Player Category: 54 555 1041 3076 4098 9217 14996 18602 25613 31260 35677 65901
International Gamers Award Two-Player Category: 50 551 2346 3201 9609 10630 12333 21763 27708 35935 46255
International Gamers Award Historical Simulations: 91 1822 3411 3685 6542 7480 12333 18748 19622 20609

# Official Days of Wonder Ticket to Ride games and expansions only
Ticket to Ride: 9209 13297 14996 21348 24439 30746 31627 34127 38454 53383 89848 160069 106637 106645 131188 147938

# Power Grid/Funkenschlag
# Includes base game, all expansions and Factory Manager
Power Grid Family: 2651 19319 25031 22355 29416 33434 39336 44163 58708 37397 38997 88491 55201 78727 84462 69179 95670  106662 108667 123122 131184 108668 147580 131458 111144 147932 95670 155873

# Alhambra + Alhambra Card/Dice Games + Gardens of Alhambra + Granada + New York
Alhambra Family: 431 963 6249 9687 13287 16494 22279 25491 39109 45358 58099 66190

# Railroad Tycoon/Railways of the World includes all expansions plus card game
Railways of the World: 17133 30450 38479 42964 68228 72267 72268 87627 99691 99692

# Vinci/Small World (Official Games and Expansions Only)
Vinci and Small World Family: 60 40692 57070 57072 60054 71818 81618 84183 97786

# Ubongo
Ubongo: 16986 28258 31479 34969 35055 41291 46396 66117 93472

# Mayfair's Crayon Rail Games
Mayfair Crayon Rail Games: 130 157 168 935 1830 1831 2155 2455 2689 6663 9617 12391 23919 42929

# Richard Breese's Key Series
Key-Games Series: 294 767 768 4099 14285 29839 78733   140936 122515 144058 141816 147380

# Axis & Allies
# Boardgames only and only those officially released by Milton Bradley/Hasbro/WotC (whatever they are called now)
# Does NOT include A&A Miniatures (and shouldn't)
Axis and Allies: 98 520 1262 10081 10093 22457 29259 35052 41863 55829 61692

# Conflict of Heroes - Academy Games
Conflict of Heroes: 24800 38216 38823 45132 45520 47273 50243 68076 93430

# Combat Commander - GMT Games
Combat Commander: 21050 24124 28181 28682 34580 41985 81726 86957 129341 134269
###################################################################
# Proposed Series Alternatives
# Ways to Break Down Huge Listings with Smaller Subsets
###################################################################

# Proposed Alternatives to the huge (and growing) Catan listing
# Broken down by Catan Game "Category"

Catan Board Games: 13 306 325 926 1137 1361 2807 3972 4101 4103 17419 19343 20038 20247 21046 21097 21098 21099 21100 21101 21443 24511 26079 27760 34691 38821 56157 64159 84977 86669 103091

Catan Card Games: 278 2915 3087 5227 12543 21817 22766 29714 29715 29716 29717 29718 37774 66056 88610 91534 93401 97540 97541 97590 97591 97593 97594 97596

Catan Dice Games: 27710 38845 39624 47410

Catan Geographies:  32270 38749 39093 41161 52825 54528 60134 73809 86008

Catan Adventures: 12004 19526 34200

Catan Histories: 189 4394 25234 67239

Catan Space Games: 1897 2338 4100 28115 28200 28201 117985

Catan for Youngsters: 5824 27766

Catan Promotional Items: 5549 13831 19008 22598 26352 31933 33562 37690 37969 

Catan Miscellaneous: 3655 6778 10817 20890 20899 59865


# Proposed Alternatives to the large (and growing) Commands and Colors listing
# Broken down by Commands and Colors Games

Battle Cry: 551 88827

Memoir 44: 10630 24337 19245 21384 19244 19374 27112 31638 34060 37911 37918 38320 39861 41571 59127 59555 61677 68752 75260 84406 101657

Battle Lore: 25417 28250 28260 29095 29423 30231 30232 32021 32022 32391 37926 45543 54943 54944 68923 81904 85720

Commands and Colors Ancients: 14105 22605 24089 29853 38928 38927 88853

Commands and Colors Napoleonics: 62222 85768

# expansion extra-special metadata
basegame 27588
basegame 34194
basegame 40834
basegame 85897
basegame 32674
basegame 18881
basegame 30474
# Thunderstone: Wrath of the Elements is not a basegame
expansion 63214
# Cards at Sea is not a basegame
expansion 38945
